0 4.52557 117.58362 32.88968 113.61317 11.88410 
1 0.87983 213.53632 4.38345 247.07397 44.93882 
2 1.23035 231.36118 4.87206 243.40041 38.85816 
3 1.57080 257.11765 6.00000 257.11765 39.00000 
4 1.65298 296.61618 4.05076 294.89807 24.90923 
5 1.51351 294.89978 28.94840 296.04947 48.99716 
6 2.39007 1001.43329 5.46367 976.14966 29.08999 
1979 5.54012 956.84576 50.83263 1006.33093 5.36909 
9 4.69261 1031.30481 27.01375 1030.86902 4.98281 
11 4.72533 1039.82288 25.01065 1040.08179 5.00106 
12 5.60870 1047.91235 23.89036 1071.20959 5.26214 
13 2.46746 1088.98242 5.22954 1057.99255 29.99060 
14 2.48145 1095.25732 5.33152 1064.91357 28.88862 
15 5.62054 1058.08875 37.83219 1099.43982 5.56357 
16 1.53856 1154.33362 3.98924 1155.17322 30.02666 
17 4.69847 1159.99341 28.00009 1159.65930 3.99082 
18 4.69237 1166.23059 28.01541 1165.74939 3.98499 
19 0.73027 138.64432 6.39723 160.79390 26.23018 
20 4.71129 272.81747 57.00020 272.76584 9.99916 
21 4.66073 1015.29962 30.98451 1014.05670 6.94536 
22 1.63811 1122.49573 6.03342 1120.40625 37.02739 
23 4.74987 1122.65125 39.02442 1123.51538 15.98182 
24 1.58052 134.23326 7.00227 133.77646 53.99783 
26 1.59552 1020.36700 7.00907 1019.84802 27.99624 
28 4.70238 269.15686 34.00844 268.92654 11.00074 
30 2.40495 1004.01593 11.01760 965.74927 45.72357 
31 1.53044 954.10382 59.99581 955.31641 90.02760 
34 1.57080 1108.91309 22.00000 1108.91309 45.00000 
35 2.39410 1004.44305 15.47801 962.94635 53.94215 
36 1.56292 959.34985 55.99725 959.50739 76.00388 
37 4.70312 1095.05603 62.99020 1094.84277 39.99218 
38 3.94392 211.01115 49.98922 191.35541 29.65642 
39 1.14180 213.37064 20.83047 223.80090 43.63366 
40 5.72394 1166.49207 37.18844 1195.15527 19.24811 
41 4.71204 152.94260 51.99967 152.93172 20.99967 
1978 5.46637 951.75397 43.71491 982.75824 10.69852 
43 1.80498 1103.95044 24.98818 1098.71545 46.93211 
45 1.06597 20.75370 36.58352 41.75224 74.58433 
46 1.31468 51.51696 89.12650 65.71293 143.33704 
47 5.04025 75.53636 142.18243 83.68262 118.23218 
1977 4.72809 137.15536 53.04325 137.86189 8.03951 
49 3.98143 58.62075 54.44341 36.83566 30.14736 
50 1.53075 1084.08386 33.95657 1085.24731 62.99009 
51 6.24775 1116.97961 41.42611 1141.02039 40.57389 
52 1.20746 227.68968 37.11799 235.67615 58.12313 
1976 1.54073 301.63855 30.96471 303.95456 107.97609 
55 4.46204 287.92206 72.76421 282.03339 49.73575 
56 1.57080 298.92307 36.00000 298.92307 62.00000 
1975 0.81030 171.67993 12.34331 213.11493 55.89491 
58 4.69652 1089.20654 64.01260 1088.77759 36.98766 
59 4.72200 300.94452 60.99947 301.14636 40.00141 
60 3.16429 1139.98706 46.57142 1118.02100 46.07273 
1974 2.56678 1194.74963 21.61694 1141.42603 56.15870 
62 6.28141 62.00175 59.98532 112.00159 59.89644 
1973 5.58453 957.59857 89.71822 1013.09277 43.10316 
64 1.55804 166.54698 54.99302 166.87862 80.98879 
65 1.58263 1074.18152 46.00215 1073.92114 67.99907 
66 1.27688 265.93866 49.01857 272.98749 72.30647 
67 1.49822 1051.42444 54.96914 1053.53223 83.96130 
1972 1.56921 1189.16052 70.01513 1189.31091 165.00479 
1971 4.18716 51.19917 100.29982 22.03997 49.98391 
72 4.48208 56.64238 127.84938 50.32901 100.92286 
75 4.76886 156.07674 79.94781 157.31650 58.01789 
76 5.75117 1146.30786 76.82416 1182.35608 55.60497 
77 4.72936 1056.87634 84.99790 1057.30054 60.00510 
78 4.69990 15.49473 77.99382 15.21994 55.99725 
79 5.69383 1052.02686 98.54464 1112.20581 58.30776 
80 4.56056 1115.33191 81.94923 1112.27307 61.95821 
82 5.06595 101.56909 88.21003 111.21323 62.07870 
83 2.47829 1174.67505 76.86388 1157.46338 90.31326 
84 2.61659 1172.14050 65.24252 1151.21143 77.36510 
85 0.00257 76.99979 67.08257 108.99957 67.16485 
86 1.04729 67.28870 74.83335 82.54461 101.26286 
87 1.53661 1046.54932 69.98122 1047.26904 91.02500 
88 4.23751 76.48602 97.26424 62.58004 70.21590 
89 1.59643 1030.33630 75.00862 1029.74622 98.01913 
92 0.87411 31.08243 84.93104 50.71728 108.39989 
93 4.05057 50.24550 112.80875 35.85378 94.33488 
94 1.49522 940.05536 70.99581 941.94318 95.92859 
95 2.55889 1078.13599 74.20642 1054.74915 89.61928 
96 1.54510 944.82886 72.97870 945.42096 96.01488 
97 3.92807 216.20697 94.79131 197.22867 75.77182 
1970 2.43429 1009.77136 51.73675 955.84937 97.83192 
1969 3.94906 313.34012 165.72107 231.14142 79.81176 
108 1.56677 936.25903 81.99895 936.36780 108.99449 
109 1.54076 1180.28918 81.99131 1181.04053 106.99878 
111 1.56909 1156.93176 93.99841 1157.03259 152.99994 
112 0.12830 168.99455 86.04222 194.09288 89.28005 
113 4.48008 156.80084 111.81054 151.15886 87.96242 
114 1.40498 158.27892 113.95332 162.83772 141.19450 
115 0.87596 273.42444 86.64622 302.93613 122.05323 
118 0.44120 10.00325 107.99312 33.44279 119.06238 
119 0.91767 277.15054 103.88480 292.82422 124.36934 
1968 4.72311 1159.92444 184.99916 1160.90015 94.02568 
124 4.59714 916.56989 116.04979 914.24567 95.97157 
125 4.03835 302.38882 126.68938 280.16428 98.86876 
126 1.44073 228.61031 99.92017 231.61867 122.91908 
1966 1.56496 1076.93884 104.00683 1077.58630 214.98373 
1965 5.71962 1047.59802 125.36033 1106.92004 87.87303 
1964 4.70207 1137.46521 184.00633 1136.35059 75.99638 
132 4.85344 209.49504 136.92830 212.45741 116.06495 
134 4.84635 220.55151 163.07433 224.31120 135.17671 
135 1.56842 582.96173 105.00009 583.07837 154.00220 
136 4.67669 170.56604 127.97978 169.74442 104.97341 
137 3.86260 129.59949 132.31789 107.26965 112.69318 
138 4.71318 580.98096 155.00078 581.01904 107.00002 
139 4.48221 1043.12073 133.97173 1037.03296 107.99228 
140 1.60017 254.99803 119.99994 253.85297 158.96629 
143 1.56774 1105.98157 165.00006 1106.07617 195.99672 
145 1.38557 303.94360 115.01057 307.91467 136.20337 
146 1.05567 312.26077 129.85237 326.80505 155.54427 
147 4.71396 243.04173 151.99849 243.10460 112.00017 
1963 1.57176 1112.57581 81.00642 1112.47314 187.99460 
149 1.61354 1171.86169 112.03685 1170.75183 137.98940 
150 1.58052 241.05647 113.00055 240.68704 151.00668 
1962 4.72770 1089.60132 203.95872 1090.88684 120.01194 
153 4.47802 56.37854 141.90962 49.95621 115.01045 
154 4.84783 52.39849 163.91803 55.24450 143.03333 
155 4.80258 179.63104 141.05707 182.07745 114.00700 
156 1.54639 172.88606 117.00278 173.44708 139.98909 
157 1.64895 184.71744 114.05619 182.68748 139.97552 
1961 4.68955 257.67542 181.01981 256.14432 114.00237 
159 1.62754 21.14608 116.00830 19.90048 137.93755 
160 4.69220 247.07727 141.99844 246.55211 115.98885 
161 3.94790 299.33920 159.67468 259.19382 117.81414 
162 4.68981 1176.14612 136.99670 1175.64893 114.98534 
1960 4.70399 1179.83008 171.02451 1179.17419 92.97249 
164 4.93023 190.41249 140.86995 195.66376 117.14693 
1958 4.67422 1083.08984 176.98712 1080.87329 118.94897 
167 1.56652 1164.89185 117.99619 1165.04993 154.99979 
1957 4.67446 1170.03577 175.00098 1166.99658 94.91396 
1956 5.60837 893.74829 154.67117 1075.93213 8.90159 
1950 4.68732 1155.46606 182.00977 1153.41003 100.02211 
1949 1.39106 359.84601 123.98434 375.93240 212.51842 
176 1.59140 371.83411 233.01718 371.25787 260.98471 
177 1.54565 952.85760 123.97842 953.51184 149.98712 
1947 1.55606 1133.60767 90.00478 1134.52100 151.96529 
180 1.46525 1131.91028 151.90356 1135.20227 182.97858 
181 3.93995 297.11496 161.88800 259.60092 123.38887 
182 1.55462 1021.11835 122.98191 1022.33179 197.99463 
183 1.56994 1087.95312 124.99918 1088.02234 205.99998 
1946 1.55045 1047.65833 141.00633 1049.16370 214.99576 
186 1.57695 208.02386 129.00630 207.89473 150.00551 
187 1.57214 60.22075 129.00029 60.18059 158.99890 
189 4.70726 1058.04199 216.99979 1057.81641 172.99582 
190 1.56933 1009.93726 132.99863 1010.02954 195.99995 
191 4.70598 1012.32367 212.00433 1011.82373 133.99472 
192 4.71373 1085.94250 199.00127 1086.02844 135.00005 
1945 1.56201 1032.47559 135.97427 1033.25806 225.00037 
1944 1.55957 1140.00806 70.98099 1141.27710 183.99254 
198 4.46324 967.23309 171.44957 958.20032 135.94902 
1941 1.54207 1001.94409 93.02722 1005.21826 206.96655 
1940 4.70629 1122.79993 181.00690 1122.12292 69.99284 
201 1.68727 945.36896 139.04317 942.80261 160.97691 
202 1.54430 1174.79016 137.97906 1175.92883 180.94888 
203 1.55194 273.83569 141.98424 274.25125 164.01413 
204 4.70152 1187.07605 161.99918 1186.82605 138.99103 
205 4.44522 322.20624 167.21727 316.11627 144.96817 
206 0.47586 14.82203 149.34534 36.68448 160.61224 
207 4.69634 113.29963 174.01125 112.83366 144.98662 
208 4.75409 937.97760 169.04079 939.02063 144.04259 
209 1.38653 1099.52942 152.90132 1103.80664 175.84967 
1939 4.69034 1105.02429 201.96767 1102.97510 109.02514 
211 1.07602 86.06901 160.96277 99.25493 185.40199 
212 1.60223 927.89221 145.02806 927.13922 168.97293 
214 4.70995 995.07898 222.00224 994.96179 174.00009 
215 4.44179 17.23231 170.93556 11.39444 149.89058 
217 4.71239 134.00000 201.00000 134.00000 178.00000 
1936 1.55547 985.27551 146.95699 986.44116 222.98933 
220 4.66965 1116.88928 185.04750 1115.34717 148.98515 
221 4.19107 98.31251 187.39484 84.22736 162.86942 
223 1.70333 315.47855 162.06380 311.75864 189.96782 
225 2.20634 75.15791 156.11647 55.56454 182.67879 
226 4.74499 61.73959 223.99150 62.97866 185.99930 
227 1.56842 975.91925 161.99782 976.03827 211.99991 
228 4.70824 978.19049 228.00336 977.88751 154.99632 
229 4.68626 1066.15100 214.99605 1064.79236 163.00543 
1935 1.55961 1069.54431 130.00151 1070.48340 213.97404 
232 4.70952 1020.08533 201.00262 1019.95911 157.00012 
233 4.49979 332.65103 185.07533 328.09723 163.97900 
234 4.71239 1051.00000 180.00000 1051.00000 159.00000 
235 3.14928 599.00659 177.14616 559.99347 176.84615 
236 0.01149 560.99200 161.69690 598.99847 162.13361 
237 1.57080 1061.00000 161.00000 1061.00000 185.00000 
238 4.57327 294.56876 186.06038 291.05853 160.99181 
240 3.13470 597.00598 164.86891 569.00043 165.06207 
241 1.06853 18.12247 165.93272 36.02849 198.53360 
242 4.68235 1111.20032 188.99399 1110.44897 163.98651 
244 4.55679 302.83115 204.18335 299.03674 179.99423 
245 1.56127 964.77460 168.99263 965.37469 232.01547 
1933 4.69019 1025.56921 208.00157 1023.94861 135.00253 
1932 4.20004 31.91319 200.03833 5.34350 152.79854 
250 4.71037 969.07190 226.00188 968.96515 173.00008 
1931 4.70274 269.71146 203.99493 269.04590 134.99623 
252 1.56860 927.91870 198.99799 928.07910 271.99982 
1930 4.70780 972.83905 199.99612 972.71039 171.98956 
254 4.70335 1075.24622 213.00681 1074.91187 176.00079 
1929 4.71548 1097.68347 203.01205 1097.80713 162.99631 
1928 1.58042 132.38278 148.00262 131.74780 213.98288 
257 1.56240 147.84796 178.99289 148.08301 206.99930 
258 5.71614 538.79596 189.67957 557.49249 177.77336 
259 0.00000 561.00000 179.00000 597.00000 179.00000 
260 1.57008 143.91071 186.99934 143.92792 210.99933 
1927 1.60826 212.84456 140.98833 210.51793 203.06244 
262 4.77701 295.28619 213.01852 297.22360 183.07918 
263 1.49137 948.66168 181.94733 951.37616 216.04965 
264 4.84441 52.16281 219.88882 56.39052 188.05186 
265 5.96652 1136.28906 197.88213 1159.13013 190.39716 
266 5.84472 1100.86572 205.71373 1121.10486 196.22353 
268 4.52029 282.93033 218.81906 278.66162 196.87132 
269 1.54467 605.28375 183.99258 605.83282 205.00436 
270 4.70978 152.12134 207.00229 152.06654 185.99983 
271 4.75032 154.82910 207.99352 155.62480 187.02371 
272 1.18798 630.36548 193.85283 639.93719 217.62260 
276 1.57013 47.74168 196.99951 47.75704 220.00082 
277 1.51409 239.57524 188.96735 240.77306 210.06964 
279 4.84821 56.91926 220.98897 61.13323 190.15488 
1926 4.73668 126.45571 241.03600 128.59567 152.96660 
1925 1.59154 993.02588 146.96919 991.63409 214.06160 
1924 1.60152 1056.64490 137.95862 1054.36938 212.01099 
283 1.57750 65.03518 193.00023 64.88769 214.99254 
284 2.77112 1162.16504 193.42480 1140.34888 201.89832 
285 4.67322 93.32342 233.98732 92.06838 201.95813 
286 4.70638 320.70636 218.99576 320.56808 195.99658 
287 4.67726 483.30472 220.02444 482.60019 199.97891 
288 4.71056 938.07330 266.00171 937.95795 202.99825 
1922 1.49395 79.22826 198.81691 81.46611 227.88057 
290 4.73018 328.79227 231.01410 329.29065 203.00517 
1921 1.58750 946.64349 202.00780 945.59106 265.01328 
293 1.53264 276.46463 202.98227 277.76508 237.04715 
294 1.63825 85.21826 207.01474 83.40265 233.89209 
295 4.67258 934.02783 241.03871 932.55182 203.97803 
296 1.44333 152.02261 209.99710 155.11342 234.11363 
298 4.59373 294.66119 232.92117 291.79807 208.90486 
299 4.73500 77.67124 231.01518 78.14651 210.00331 
300 5.93173 1059.02954 240.08049 1117.26636 218.72629 
301 4.70500 107.06409 237.99953 106.85704 209.99367 
302 5.97458 1166.97400 219.91849 1192.27222 211.85378 
1920 1.59426 306.56259 171.00975 305.06104 234.99847 
304 1.56967 95.07793 212.99991 95.10277 234.99988 
305 4.62431 190.23578 234.89087 188.30028 212.97348 
1919 4.72884 917.36853 274.98660 918.33899 216.01096 
308 3.16500 637.98914 220.46526 604.98376 219.69252 
309 5.93889 1022.81104 234.47307 1047.25403 225.70834 
310 1.59901 120.07057 219.00200 119.33652 245.00949 
311 0.00485 597.99591 229.84097 644.99969 230.06905 
1918 2.77038 1104.25354 208.63246 1054.94287 227.82719 
315 3.15230 560.00342 219.68037 532.99579 219.39105 
316 5.91662 389.02161 231.05624 417.10532 220.27434 
317 5.86813 461.82877 228.61142 482.26672 219.60532 
318 3.16523 515.03809 231.38919 461.99680 230.13518 
321 1.57788 908.05902 224.00749 907.68378 277.00485 
322 4.71605 941.93933 266.00345 942.10779 220.00040 
323 1.50942 300.95459 220.94133 302.37027 243.97725 
324 0.00749 434.00067 220.90894 472.00604 221.19368 
325 1.57226 912.02747 221.00005 911.94250 278.99844 
326 4.71239 914.00000 260.00000 914.00000 221.00000 
327 0.51841 48.85938 225.24651 68.35926 236.37021 
1917 0.04006 498.02087 221.72939 551.96051 223.89120 
1916 0.02658 638.96216 221.56470 753.98279 224.62297 
331 0.01589 586.98767 232.77739 614.01257 233.20673 
332 0.00040 534.99963 229.92914 566.00000 229.94144 
334 3.17127 421.01611 230.45750 398.97617 229.80312 
335 1.57928 955.54175 231.00459 955.33820 255.00287 
336 1.57238 924.93579 231.00148 924.87073 272.00137 
337 1.46340 205.22432 236.97581 208.04126 263.10336 
1914 3.14614 770.00055 233.13957 670.99023 232.68884 
340 4.69414 921.95557 270.98254 921.22571 230.99588 
1913 0.01025 386.00436 233.19974 512.99274 234.50114 
343 4.71086 646.77832 259.99881 646.74017 234.99887 
344 3.15975 680.01245 272.31299 647.98669 271.73135 
1912 4.94732 11.26940 286.05518 29.72444 208.94987 
346 4.75039 307.10208 255.96587 307.93588 234.03558 
1911 3.15340 613.99304 235.59001 528.99030 234.58641 
349 3.14159 444.00000 236.00000 388.00000 236.00000 
1910 3.15496 703.99640 237.26752 653.98627 236.59906 
351 4.49279 717.78949 262.27017 712.14221 236.96825 
353 6.27845 758.00012 263.03110 794.00409 262.86078 
1909 0.02629 655.01111 234.45775 773.96191 237.58514 
355 0.32625 63.73521 252.78259 91.89500 262.31033 
356 3.51048 105.09315 249.75905 84.66661 241.86238 
1908 4.67685 113.98917 269.97726 111.85579 209.98051 
1907 5.95942 903.14874 302.43594 1118.40723 230.20047 
364 5.92701 979.66858 269.10910 1038.13318 247.35808 
365 0.89233 156.08943 257.92792 174.32249 280.54614 
1903 2.78591 1035.37256 253.30772 1000.14355 266.39465 
368 4.77210 254.58896 280.09500 256.02933 256.00174 
1902 0.31222 30.04185 248.88860 132.67361 282.01590 
371 0.80552 40.58616 272.39752 58.21674 290.75235 
372 0.05707 407.94339 260.99100 431.97919 262.36414 
373 6.28230 433.00089 261.00186 517.00079 260.92752 
375 0.02622 816.00519 269.80118 843.98596 270.53494 
376 3.14159 552.00000 265.91306 529.00000 265.91306 
1900 3.14666 586.00488 262.20807 532.00043 261.93448 
379 3.14953 635.00684 262.14026 609.00055 261.93390 
1899 0.02350 516.97900 258.22754 756.97906 263.86945 
381 3.15392 472.98767 268.00012 446.99161 267.67960 
382 1.43041 260.26633 263.96237 263.39264 286.08582 
383 6.27281 416.01053 270.01440 447.99670 269.68250 
384 3.25008 678.89899 269.92737 652.98853 267.10535 
1895 3.14575 798.99530 265.40292 693.00244 264.96219 
389 3.17566 101.03054 277.10373 79.98682 276.38660 
391 3.16299 514.99194 272.37677 485.98383 271.75607 
1894 0.09853 737.14990 269.45959 782.79877 273.97195 
1893 0.00899 433.00342 273.93475 798.00659 277.21545 
397 4.70616 1115.11475 306.00552 1114.96533 282.00021 
398 0.04216 528.98706 279.30725 551.94617 280.27576 
1887 3.14159 565.00000 277.00000 514.00000 277.00000 
402 6.27494 425.00211 280.25409 451.99203 280.03168 
403 3.14159 484.00000 278.00000 451.00000 278.00000 
405 3.85496 124.71709 293.17136 107.65142 278.40280 
406 3.14159 701.00000 279.00000 680.00000 279.00000 
1886 0.01472 577.99841 279.52280 687.00238 281.12704 
408 3.14953 789.00684 281.14026 763.00055 280.93390 
409 0.01028 741.99347 282.63571 787.99890 283.10889 
1885 6.00686 971.44391 303.01709 1047.42200 281.47144 
411 5.91925 784.28711 294.75378 804.08154 287.21405 
414 1.33733 148.42448 291.89905 154.82272 318.80435 
416 1.57080 131.00000 286.00000 131.00000 348.00000 
418 3.13802 782.99994 286.98978 746.00043 287.12189 
1884 3.14706 589.98370 294.66983 484.00446 294.09039 
420 4.72167 27.76869 314.99786 28.00052 290.00928 
421 3.20946 769.97656 291.34454 741.97003 289.44098 
422 4.72528 64.86149 319.01111 65.20976 292.00272 
423 1.56156 68.92913 292.00064 69.15095 316.00784 
424 4.57438 150.58351 316.91895 147.52887 294.92654 
1882 1.58414 637.67859 301.99271 636.55756 385.99402 
427 4.71239 71.04348 316.00000 71.04348 293.00000 
429 0.00000 740.00000 295.00000 774.00000 295.00000 
430 1.56259 436.08496 295.99930 436.38870 332.99680 
432 6.27318 705.00073 299.07346 728.00842 298.84314 
1881 3.14909 775.00067 296.91150 647.98962 295.95862 
1880 0.02540 487.04831 296.09854 635.91583 299.88116 
437 4.60703 804.38470 321.95932 801.84155 297.91101 
438 4.66129 77.44035 327.97748 75.90498 297.95374 
439 3.14962 516.01404 300.25354 455.99380 299.77182 
440 1.59112 518.16547 306.00336 516.66132 379.99310 
441 0.00000 658.00000 299.00000 689.00000 299.00000 
442 0.00604 732.99475 299.87103 763.99963 300.05838 
443 4.77628 1148.01001 320.00064 1149.35205 299.02252 
444 4.64988 47.41479 326.97403 45.72361 299.95471 
445 4.71749 100.17370 321.99579 100.28086 301.00143 
447 4.75374 104.68942 334.98715 105.76344 309.03159 
448 1.57080 511.93939 302.00000 511.93939 335.00000 
449 1.59185 558.27271 302.00574 556.94641 364.97781 
450 6.27528 558.00665 365.84268 586.99695 365.61353 
451 4.71202 566.42767 327.00021 566.41852 301.99985 
452 1.58526 598.21497 302.00311 597.67963 339.00983 
1877 3.14309 764.00085 301.42712 648.99750 301.25446 
454 4.71544 26.83985 366.00256 26.91319 342.00278 
455 4.65890 449.36060 328.98068 448.02011 303.94537 
456 0.01187 450.00095 302.92081 471.00986 303.17023 
457 1.57888 471.95667 305.00775 471.69800 336.98947 
458 6.27696 474.00015 337.02359 502.99902 336.84305 
1876 4.72146 133.10944 371.01724 133.89000 285.00739 
462 0.02378 692.97784 303.93161 714.01349 304.43185 
463 1.55950 714.81921 304.99075 715.16937 335.99808 
1874 3.15174 713.99738 336.26620 652.99268 335.64688 
465 4.70458 509.93903 332.99268 509.71246 303.99445 
466 4.70940 525.90247 327.99731 525.83368 304.99750 
467 1.63725 670.01154 308.06732 668.48761 330.96591 
468 4.71239 692.00000 328.00000 692.00000 306.00000 
469 1.64900 710.16785 306.01315 708.28027 330.10031 
470 0.39314 264.73895 309.62946 284.98859 318.02756 
471 1.56225 450.93164 308.00058 451.14532 333.00729 
472 4.70848 462.32477 328.00262 462.24274 306.99905 
473 4.69029 696.36871 329.01395 695.90387 307.98001 
474 4.88847 1069.15771 331.20599 1072.90222 310.16052 
475 1.57080 587.90912 309.00000 587.90912 331.00000 
476 4.73821 591.54169 332.01398 592.10944 310.02866 
1873 4.71739 647.40845 385.99213 647.78851 310.00000 
479 5.83177 741.29480 332.60812 782.34308 312.70767 
480 4.31552 232.04106 334.98279 223.56651 314.76257 
481 1.57080 109.00000 314.00000 109.00000 335.00000 
482 5.84793 747.06433 333.13831 782.34155 316.73450 
483 4.48049 188.80315 377.57419 176.81471 326.80762 
484 4.74909 185.79662 434.99252 187.85297 378.99460 
485 4.72478 794.76630 354.98471 795.18738 321.00232 
486 4.65181 608.71649 349.07785 607.01331 320.99921 
487 1.52068 197.18748 325.99060 198.44078 350.97791 
1872 2.72748 772.44904 326.75061 746.25201 338.26501 
490 1.66961 176.99101 333.99911 175.01793 353.90265 
491 1.52418 239.19974 340.99069 240.32129 365.03168 
492 4.51301 607.00250 353.20154 602.30206 329.93896 
494 4.64820 780.39368 369.03897 778.71692 342.95392 
495 4.23815 1144.02917 359.98502 1129.52563 331.73016 
498 4.76002 1149.16309 485.96011 1150.82751 451.03943 
499 0.00000 694.00000 334.00000 714.00000 334.00000 
1871 1.57483 1108.62085 334.01407 1108.31470 409.99020 
502 3.04507 1106.05994 416.61884 1072.88684 419.83078 
504 4.67806 47.57017 396.04910 46.09156 352.99686 
505 4.85028 115.37318 387.91302 118.27005 367.03748 
506 0.00793 443.99326 336.85181 470.99948 337.06610 
507 1.59955 732.26855 339.00772 731.66510 359.99036 
508 1.54899 49.82484 335.98203 50.32719 359.01468 
1870 0.00488 649.99377 337.85104 709.99927 338.14407 
514 3.14159 514.00000 339.00000 474.00000 339.00000 
515 4.73546 1123.07202 363.02475 1123.57996 341.01340 
516 4.70775 1117.09741 406.00418 1116.89795 362.99585 
517 -1.57080 1122.93945 406.00000 1122.93945 374.00000 
520 0.13373 702.90436 339.71091 723.92749 342.53915 
1869 0.04055 446.06006 339.51981 498.95605 341.66586 
522 0.00000 530.00000 341.00000 554.00000 341.00000 
523 1.85443 13.78523 341.22888 6.86746 364.96136 
524 4.45667 85.91720 366.28308 80.08560 343.97763 
1868 0.15644 28.85904 331.98947 122.20544 346.71265 
1866 0.01243 667.98138 341.72034 711.99670 342.26727 
527 3.14336 514.99982 343.08871 448.00006 342.97012 
1865 3.14461 717.00647 344.11615 650.00024 343.91367 
529 4.67533 726.84375 367.96872 725.91681 342.96600 
530 1.54369 738.74823 344.00684 739.61584 376.01041 
531 4.71471 745.17218 380.00272 745.22784 356.00052 
534 4.70366 737.20032 377.00699 736.91217 343.99203 
535 1.58386 777.09167 346.00119 776.81757 366.98456 
536 4.67307 774.38379 382.02423 773.00452 346.96048 
537 0.02600 449.98145 346.71341 471.01923 347.26059 
1864 1.56773 674.79559 303.00055 675.04376 383.99963 
540 4.65456 762.73816 384.07306 760.82056 350.95248 
1863 4.68743 243.21843 437.96741 240.97311 348.04028 
1861 0.01734 652.98822 347.44138 714.00323 348.49948 
544 1.55545 507.86398 357.98672 508.27887 385.01108 
545 1.51633 769.90387 353.95071 771.54663 384.07925 
546 1.57067 1191.95190 366.99988 1191.95715 409.99988 
547 4.71971 787.20111 377.00146 787.39886 350.00293 
548 1.59485 670.59204 361.01425 670.01562 384.97632 
549 4.65792 768.58624 384.07709 766.83478 351.95450 
550 4.72850 527.85510 382.99765 528.35455 352.00571 
551 4.72161 533.92938 381.99936 534.15979 357.00146 
552 1.53621 348.55603 354.98077 349.31863 377.02356 
553 4.71178 1161.06287 409.00058 1161.03967 370.99997 
554 1.54516 758.81354 355.00479 759.53174 383.01199 
555 1.55871 753.91553 356.00101 754.27820 386.00873 
556 4.64863 757.73706 386.08063 755.74951 354.95215 
557 1.53960 749.04755 357.96732 749.92334 386.03360 
558 4.67643 752.25702 384.99075 751.35754 359.98715 
559 1.58019 1074.31360 356.00296 1073.86255 403.99872 
561 1.62783 642.19055 361.01089 640.98889 382.05646 
562 1.57287 1077.99939 360.00208 1077.88940 413.00183 
564 4.72954 397.68707 385.97748 398.09836 362.00168 
565 4.69280 651.71985 382.00549 651.32770 361.99359 
566 1.38827 660.78339 370.03998 665.23218 394.14172 
567 4.71239 506.38095 384.00000 506.38095 364.00000 
568 4.69151 1085.82727 411.98273 1084.82507 363.98279 
1860 1.67226 161.30643 375.14294 154.92760 437.79788 
571 1.61066 504.63953 369.02551 503.76495 390.95074 
572 1.38156 698.71271 367.86349 703.17432 391.15814 
573 0.00088 705.00000 390.98987 727.00085 391.00934 
574 6.26298 698.98480 397.24872 727.01379 396.68234 
575 1.62016 6.00207 365.00009 4.61969 392.98120 
576 0.11789 273.17911 377.48773 303.98389 381.13608 
577 1.63315 630.48688 369.03040 628.99030 392.99939 
578 0.13610 470.97543 383.17935 493.95529 386.32639 
579 0.00085 558.99902 368.13205 609.99988 368.17563 
580 4.67283 1166.39954 398.98419 1165.21082 368.95209 
1859 1.57500 1185.38477 358.00650 1185.17871 407.01175 
582 4.75046 118.01057 400.96231 118.84591 379.03223 
583 4.90934 114.43589 429.88745 120.00034 402.00006 
584 6.24665 72.00709 435.19391 114.02406 433.65802 
585 1.28208 928.30469 371.90952 938.39539 405.88257 
586 1.56750 1112.95630 370.00015 1113.09143 411.00299 
587 6.27925 1115.00391 411.98611 1143.00342 411.87592 
588 3.14159 1142.00000 410.00000 1115.00000 410.00000 
589 1.60278 1157.76611 368.99252 1156.67822 402.98972 
590 0.08439 61.93906 370.72037 82.04893 372.42148 
591 1.36010 435.60587 387.87042 440.73291 411.84326 
592 5.26552 121.59805 402.75183 133.57434 383.35461 
593 1.58680 174.71669 379.01147 174.22057 410.00354 
594 4.70694 168.06789 417.99963 167.83907 375.99542 
595 1.58588 80.53925 376.00815 79.73991 428.99606 
596 1.59631 908.58435 376.01492 907.48767 418.98694 
597 4.71050 1023.03412 441.99994 1022.92816 385.99823 
598 3.08593 1020.03137 391.56302 992.00696 393.12448 
599 1.66150 1027.59351 380.05399 1025.33020 404.93909 
600 1.60620 1046.53174 434.01883 1045.71802 456.99002 
602 4.72046 229.54488 437.99634 229.97260 385.00784 
603 0.29337 274.79529 380.67764 300.83560 388.54419 
604 3.25272 301.95602 383.39404 281.10410 381.06720 
605 1.54064 1032.84851 380.00458 1033.69324 408.00925 
606 1.57330 113.10042 382.00024 112.98530 428.00247 
608 4.64930 919.19800 419.05066 917.36133 389.97717 
609 4.37568 936.67719 406.76297 927.58716 380.79446 
610 1.35551 989.48779 387.89334 996.94849 422.01126 
611 1.46556 996.44800 421.95270 1001.85266 473.12119 
1858 4.66308 1151.13513 450.98920 1147.14111 370.05292 
1856 4.61686 1059.76685 446.86365 1054.11279 387.85898 
615 1.55163 1140.09375 381.99820 1140.55396 406.00854 
616 1.59468 251.34920 383.00833 250.27492 427.98267 
1855 4.66836 254.66129 429.93942 252.59364 383.01358 
619 1.49871 597.10156 382.99268 598.98480 409.07330 
620 4.69804 617.14343 406.99796 616.84204 385.98792 
1854 1.58148 200.49922 384.01419 199.74055 455.00073 
623 4.52657 992.70966 431.86658 984.81055 389.84763 
624 4.65621 994.53766 465.02600 992.67810 431.96185 
625 1.90150 953.99091 386.99686 946.18915 409.72162 
626 1.40395 910.92889 387.01196 914.61456 408.89648 
627 4.71134 96.91914 408.99902 96.89703 387.99905 
628 4.71417 206.01102 431.00003 206.08421 390.00015 
629 1.55102 1048.79175 388.98434 1049.34619 417.01294 
631 4.70935 150.08801 433.00278 149.95744 390.00012 
632 1.16171 926.56042 391.75702 936.17151 413.92566 
1853 4.71787 1093.12671 416.99207 1093.42285 362.99139 
634 1.57247 468.34451 392.00058 468.28577 426.99881 
635 4.73858 470.36517 426.00955 470.96790 402.99915 
636 1.54082 955.63916 392.98083 956.26910 413.99194 
637 1.58954 204.17513 396.00330 203.50067 431.99063 
638 4.27855 937.75043 423.65237 925.71332 397.66956 
639 4.68843 414.31705 422.99240 413.74170 398.98224 
640 4.20514 802.73846 424.58957 792.31110 405.82712 
641 6.26606 269.98654 405.21426 295.01346 404.78574 
642 4.75439 406.62827 429.98438 407.88870 399.99533 
643 4.80481 766.35620 425.94034 768.76245 399.97800 
644 1.46979 890.90088 399.01004 893.33899 423.06699 
1852 1.55658 764.34247 351.99103 765.39496 425.99438 
646 4.69218 816.14215 437.01733 815.51514 405.98959 
647 4.72112 131.90480 446.99918 132.24518 408.00214 
648 4.60344 134.73914 473.13791 131.98962 448.00113 
649 1.59155 593.14130 405.00293 592.68439 427.01419 
650 3.15069 673.99872 405.13855 653.99127 404.95657 
651 4.78123 755.60358 427.04163 757.12280 405.00845 
652 1.55920 306.76505 405.99112 307.10159 435.01041 
653 4.73021 308.95187 433.01697 309.32642 412.00583 
654 4.71984 731.89172 436.00665 732.11517 406.00085 
1851 1.55954 129.46994 407.00299 130.22360 473.96622 
657 1.57600 40.96201 407.00500 40.85267 428.00443 
659 6.27840 1117.00049 408.09674 1139.99988 407.98657 
660 3.18687 31.05040 409.88754 4.96802 408.70590 
1850 1.56586 140.99928 384.01196 141.30524 445.99808 
662 4.71675 275.86646 434.00378 275.97119 410.00424 
663 1.53911 318.45325 410.98563 319.15079 432.99521 
664 1.55258 388.81750 420.98511 389.18250 441.01489 
666 4.71239 321.00000 433.00000 321.00000 413.00000 
667 1.57080 330.00000 413.00000 330.00000 439.00000 
668 4.71239 332.00000 438.00000 332.00000 414.00000 
669 1.58972 783.36249 414.00687 782.85132 441.01611 
670 6.24139 1122.02734 418.65509 1142.03418 417.81851 
671 0.00925 5.00066 414.92905 29.00785 415.15106 
672 3.25929 725.09167 428.22461 701.94238 425.48727 
673 4.76943 836.77063 438.04401 837.91217 418.05209 
674 4.65382 570.15723 435.99078 568.98169 415.94244 
675 1.36007 868.91064 420.01910 876.17133 453.96335 
677 4.68919 198.04700 457.99890 197.09525 416.97458 
678 1.56060 626.88269 415.99100 627.10712 438.00909 
681 1.56323 1065.04419 418.99966 1065.32422 456.00513 
1848 4.72266 216.06686 444.99539 217.14452 340.02997 
684 1.46452 943.35089 420.96255 948.25928 466.97235 
685 3.08752 948.05481 471.01279 923.01990 472.36783 
1846 0.01244 1028.97290 419.74316 1194.99365 421.80859 
1843 0.01212 966.98553 421.59567 1021.99683 422.26230 
689 1.53844 1072.77942 426.00714 1073.58875 451.01331 
690 1.54601 1157.81836 424.97971 1159.35608 487.01596 
691 0.05254 1160.95483 486.85907 1187.98523 488.28064 
1842 3.11682 1021.98737 423.49072 965.02234 424.90216 
693 1.53735 1025.78064 423.97388 1026.75220 453.00830 
696 4.67173 1068.77429 448.96851 1067.83850 425.96588 
1841 3.11629 1143.97485 423.78806 1072.97498 425.58508 
698 4.74026 326.02124 460.00058 326.91251 428.02542 
699 4.51986 332.53949 484.89484 328.07349 461.98569 
700 1.56897 334.34656 470.00119 334.39233 494.99927 
701 1.56115 537.09595 425.99908 537.42389 460.00555 
702 3.10585 567.99817 458.94824 538.99945 459.98517 
703 4.70287 550.14758 457.99860 549.84283 425.99197 
704 4.51631 665.17407 466.16406 660.74231 443.85254 
705 1.52384 860.24451 429.98853 861.23346 451.03601 
706 1.66530 1146.15320 431.01453 1143.50513 458.95309 
707 4.62134 186.69423 468.93661 184.59502 445.94568 
708 0.03385 181.98039 478.57922 203.02399 479.29184 
709 6.27070 966.00842 433.67639 987.00519 433.41431 
710 4.79231 1042.50269 461.96017 1044.74365 433.97946 
711 6.25749 5.00438 451.17050 28.01488 450.57901 
712 4.81131 109.74989 464.97519 112.52122 437.05173 
713 4.71141 414.09769 473.00089 414.07620 450.99994 
714 4.64868 61.03211 463.06174 59.36808 436.97653 
715 1.64964 68.26104 467.02063 66.52753 488.96268 
716 1.47887 423.77130 446.92889 425.90738 470.10071 
717 1.50110 61.58236 437.95935 63.05576 459.06592 
718 1.58554 504.35129 443.00519 504.02725 464.98566 
719 4.57574 707.09576 467.98685 703.24268 439.96661 
720 4.77284 99.86018 464.93103 101.24708 442.01495 
721 4.90006 101.50870 502.71680 107.51325 471.09747 
722 4.73192 120.77586 491.01517 121.20623 468.98450 
1840 1.56098 121.79917 467.99805 122.66322 555.98700 
725 6.07621 92.91584 559.59918 115.19344 554.92120 
726 1.52287 712.00232 441.95193 713.39478 470.98105 
727 4.65297 941.84894 462.94949 940.54120 440.96780 
728 1.59680 726.31720 443.00824 725.79663 463.02072 
729 4.56673 824.00891 485.14539 820.16986 458.97510 
730 1.50511 356.53647 444.96472 358.77216 478.94919 
731 4.73679 36.78995 466.97046 37.32589 445.00797 
1839 1.57163 45.59430 407.01077 45.54325 468.01511 
1838 1.73664 126.99955 412.17053 113.64722 491.94122 
734 1.56927 326.03366 466.99994 326.08401 500.00140 
735 1.55029 1039.54858 446.98874 1040.16406 476.99664 
736 3.12780 521.00665 466.48193 471.01617 467.17157 
737 1.53325 158.56673 451.97870 160.03244 490.99878 
738 1.42685 174.61015 457.91156 177.81569 480.02670 
739 4.70763 1038.01306 476.99518 1037.89880 452.99573 
740 4.84523 891.38898 482.91833 894.04968 463.00662 
741 4.69759 362.20001 488.01184 361.78519 459.98837 
742 1.57028 364.83524 466.00061 364.84613 486.99957 
743 4.80033 145.41362 487.03647 147.79131 460.06976 
744 4.69182 344.24442 492.01553 343.60605 460.98752 
745 1.59033 347.20624 470.98450 346.77588 493.01517 
746 1.57080 353.93332 462.00000 353.93332 491.00000 
747 1.50541 369.01517 459.99899 371.69684 500.95438 
748 1.60852 388.36707 462.01385 387.57413 483.02167 
749 1.57080 16.00000 462.00000 16.00000 483.00000 
751 0.17416 633.12909 461.26624 653.04053 464.76950 
752 4.64691 263.94580 516.06915 260.52936 463.96530 
753 1.57980 267.15762 479.99240 266.84238 515.00757 
754 4.72035 276.79901 513.00635 277.15747 468.00125 
755 1.54559 339.57764 464.98544 340.28387 492.99283 
756 0.03852 593.96667 462.86465 630.98877 464.29153 
759 1.55860 252.65739 473.99197 253.19394 517.99762 
760 4.65401 285.47443 503.97226 283.30896 466.92349 
761 1.57553 288.98981 476.00467 288.83371 509.00394 
762 4.70598 356.12421 491.99921 355.94476 464.00037 
763 1.64811 385.44711 464.03464 383.82993 484.90936 
764 1.43879 384.68469 485.90909 387.49399 507.06720 
765 1.39124 900.76251 463.86160 904.93164 486.83090 
766 4.72342 167.84912 485.00937 168.06989 465.00076 
767 4.71793 162.91112 541.99951 163.23236 484.00128 
768 1.57714 168.13333 500.99451 167.86667 543.00549 
769 3.12737 1136.00305 486.21301 1086.01318 486.92401 
770 4.71861 371.98007 486.99988 372.11081 466.00070 
1837 3.14008 646.00104 467.32083 595.00122 467.39804 
772 4.74920 314.11401 500.93054 315.39990 466.01474 
773 1.63872 318.59381 471.90433 316.74707 499.05081 
774 4.70540 323.06131 499.00656 322.85855 469.99399 
775 4.65630 368.80618 488.95474 367.68356 468.96161 
1836 3.13579 807.01477 467.72766 748.00525 468.06992 
777 1.56166 170.93657 468.00058 171.14677 490.99866 
778 4.70430 297.05777 507.00763 296.74225 467.99399 
779 1.57080 299.93750 475.00000 299.93750 506.00000 
780 6.27668 639.00037 471.05630 666.00574 470.88074 
781 3.24775 873.99438 476.05252 836.98834 472.10934 
782 2.99177 1141.85413 470.03336 1121.02673 473.17740 
783 4.71239 337.00000 493.00000 337.00000 470.00000 
785 3.13085 803.99927 471.93265 783.00171 472.15823 
786 1.34513 1076.62097 487.85745 1082.32336 512.69617 
787 0.06214 1159.99146 470.13657 1194.98047 472.31375 
791 4.57099 556.00781 495.85654 552.46014 470.93451 
792 3.14489 754.99969 472.09030 715.00012 471.95847 
793 4.70230 238.16652 522.00842 237.82339 487.99170 
794 1.57981 242.15788 487.99240 241.84212 523.00757 
1835 3.18413 716.92645 475.91623 591.91724 470.59515 
796 1.53006 56.62110 472.97467 57.51972 495.01959 
797 4.69527 307.21426 503.01346 306.76862 476.98685 
798 1.58013 311.06873 474.00064 310.79785 503.00745 
1833 3.17628 1016.98700 476.75082 944.01062 474.21848 
1831 3.28076 805.27472 477.13776 715.76691 464.60037 
801 4.70436 220.87137 528.98499 220.45409 476.99637 
802 3.12172 739.98956 477.47339 719.01770 477.89011 
803 1.56079 379.92654 479.00073 380.15686 502.00845 
1829 3.12595 705.99420 481.62830 617.02863 483.01996 
1828 6.27208 616.98444 480.21487 706.99335 479.21512 
808 4.82825 1062.20154 504.90707 1065.21375 479.02487 
1827 3.27433 1055.97217 500.20288 904.99432 480.04361 
811 4.71607 248.90807 518.00336 249.04414 481.00015 
813 1.56549 280.88824 483.99527 281.04227 513.00507 
814 0.00000 769.00000 484.00000 792.00000 484.00000 
815 0.00000 447.00000 486.00000 485.00000 486.00000 
818 6.28227 711.00012 548.13330 753.99915 548.09399 
819 3.14159 706.00000 486.00000 675.00000 486.00000 
1826 3.14159 813.00000 486.00000 756.00000 486.00000 
823 6.27214 1128.00073 488.07004 1148.00940 487.84900 
824 1.57063 225.04417 488.00000 225.05107 529.00018 
825 2.85115 278.91379 514.71161 228.25505 529.85327 
826 6.28145 668.00006 488.03232 725.00165 487.93317 
827 3.13903 735.00238 490.91891 688.00012 491.03940 
828 3.14159 930.00000 488.00000 907.00000 488.00000 
829 4.71445 135.84090 550.99969 135.96861 488.99994 
830 1.57934 141.24940 501.99359 140.83057 551.00708 
831 0.00000 566.00000 489.00000 603.00000 489.00000 
832 3.15185 1190.99280 490.70026 1114.99060 489.92093 
833 4.71479 80.92310 566.99744 81.07690 503.00018 
834 1.57444 87.12402 507.00046 86.90930 566.00330 
835 3.11043 524.98907 492.64911 500.01334 493.42770 
836 0.01584 506.98553 489.91248 529.01172 490.26138 
837 0.00000 391.00000 491.00000 430.00000 491.00000 
838 2.49339 482.31079 491.41037 458.39590 509.52277 
839 3.15246 606.99915 492.07602 583.99103 491.82605 
1825 3.31181 973.01581 506.88428 837.90302 483.66092 
844 0.00000 688.00000 493.00000 727.00000 493.00000 
845 3.33720 790.88550 498.57776 770.87842 494.61356 
847 3.59634 29.41312 506.15503 7.72948 495.55328 
1823 4.73647 52.09165 518.97327 53.19854 473.02286 
849 3.15084 429.99936 501.07095 404.99225 500.83972 
850 3.16421 663.99670 498.14651 641.98535 497.64865 
851 3.14159 735.00000 497.00000 710.00000 497.00000 
1822 3.14427 875.99933 497.14780 792.00018 496.92331 
853 6.28093 710.00006 499.03531 758.00208 498.92688 
855 0.00000 645.00000 500.00000 665.00000 500.00000 
856 0.02472 539.97906 500.84747 560.01624 501.34293 
1821 4.69966 41.33758 577.99622 40.47210 509.99011 
859 1.58828 48.29804 514.00519 47.17843 578.02063 
860 6.04385 326.98074 507.92105 347.00830 503.03403 
861 0.00058 399.99997 503.03876 421.99997 503.05151 
862 3.27002 1194.99695 518.02399 1080.96155 503.29764 
863 4.72585 8.76306 586.98334 9.89332 503.01202 
864 1.57779 17.21717 531.98755 16.83956 586.00586 
865 4.71735 115.02737 555.00507 115.28526 503.00140 
867 3.14953 619.99945 506.06610 592.99323 505.85181 
1820 3.16287 721.02252 506.86603 658.00787 505.52527 
870 3.14159 908.00000 505.00000 883.00000 505.00000 
871 3.14159 420.00000 508.93332 391.00000 508.93332 
872 0.00137 768.99939 506.44299 795.00073 506.47873 
873 0.02521 819.00378 505.84875 847.01123 506.55499 
1818 3.14894 1056.00537 507.26248 973.99518 506.66013 
876 0.00519 995.00049 508.90268 1055.99890 509.21915 
877 3.15014 114.00730 507.14532 89.00059 506.93164 
878 1.54717 205.71909 505.98300 206.33418 532.01575 
879 0.00000 883.00000 507.00000 910.00000 507.00000 
880 4.77959 176.94681 551.99640 179.63591 512.04279 
881 4.87011 172.77635 576.12347 176.44281 553.07043 
883 3.11608 390.02216 514.86780 369.01031 515.40405 
1817 1.56062 555.64374 508.98816 556.52905 595.99622 
886 3.12682 622.01044 515.70752 596.00134 516.09174 
1816 0.07143 1084.02856 509.45309 1160.07556 514.89417 
890 3.15197 813.00006 513.99475 778.99335 513.64191 
892 3.14159 887.00000 514.00000 866.00000 514.00000 
893 3.17920 964.99097 515.23962 941.98590 514.37408 
1815 0.19078 837.11578 485.38919 1031.79211 522.98737 
895 0.28140 818.78949 514.72827 851.91235 524.30322 
1811 0.79864 608.04218 490.95776 720.03967 605.96124 
899 0.01300 672.98950 516.80927 693.99890 517.08240 
900 6.27787 782.00079 516.14740 815.99982 515.96686 
901 0.00000 858.00000 516.00000 886.00000 516.00000 
903 3.38935 883.91852 524.32214 853.82074 516.70868 
904 0.00000 938.00000 517.00000 962.00000 517.00000 
1810 3.18614 1160.92285 519.64270 981.84741 511.66058 
906 4.32199 602.07275 539.38159 593.23407 517.90369 
907 3.14159 441.00000 519.00000 411.00000 519.00000 
908 3.27844 1064.08960 522.34906 1038.87915 518.87738 
909 0.00000 1063.00000 519.00000 1104.00000 519.00000 
1807 2.95157 111.03983 514.21582 49.02787 526.14343 
911 0.00000 1144.00000 520.00000 1172.00000 520.00000 
912 0.00000 306.00000 522.00000 336.00000 522.00000 
913 3.09501 533.99841 529.96552 512.04608 530.98895 
914 4.70677 554.17969 585.99896 553.82031 521.99542 
915 0.47301 717.13617 521.73389 736.24835 531.51471 
1806 6.06931 50.16867 529.77966 109.95622 516.79370 
919 0.01557 682.98828 529.75287 727.99292 530.45343 
920 3.14355 828.99994 527.03455 773.99817 526.92712 
921 0.10382 829.93018 525.67004 875.06531 530.37299 
923 3.15331 753.99695 527.26007 732.99982 527.01398 
924 6.25627 736.00446 530.16553 771.00598 529.22308 
925 0.00018 772.00000 529.05078 840.99982 529.06342 
1805 3.20301 1187.86426 532.16199 1072.86206 525.08997 
927 0.01520 946.98627 528.90283 984.00812 529.46552 
928 3.10673 293.96591 533.02271 269.99506 533.85864 
929 3.34047 321.81482 536.91882 299.89886 532.50177 
930 0.03394 1057.00415 529.87872 1082.00928 530.72778 
931 0.18122 1082.88489 531.62830 1150.19043 543.96094 
932 3.15722 1148.00122 544.92236 1110.99463 544.34406 
933 1.45023 204.65828 535.92023 209.37263 574.83368 
934 0.01178 565.99829 532.14441 590.00677 532.42725 
936 3.40349 956.94641 544.20001 926.02386 535.91101 
937 5.95100 211.06230 546.18060 240.06102 536.17688 
939 6.27415 448.00177 553.19714 500.00656 552.72736 
943 3.12743 902.01257 542.88873 760.98425 544.88599 
1803 0.00695 760.99744 547.41327 846.99268 548.01062 
946 6.27989 848.00024 547.07312 918.00275 546.84241 
1802 3.20031 1186.06763 541.85364 1147.84180 539.60669 
1801 3.14349 542.99231 548.50146 451.00119 548.32672 
950 6.27726 1022.00397 546.67413 1057.00281 546.46692 
951 3.13622 740.00476 544.88379 708.00031 545.05566 
1799 2.85839 174.05618 545.18536 5.10301 594.35455 
1798 3.13684 647.00049 546.47394 564.99237 546.86383 
1797 0.04723 1120.02173 546.57672 1186.95715 549.74066 
1796 3.76652 743.10803 573.84497 621.77094 486.31540 
958 4.13461 648.74164 569.16846 635.71362 549.18671 
960 1.65899 542.19952 551.01764 540.34161 572.03021 
961 4.54387 570.79523 573.20496 567.18225 551.96899 
963 6.27208 590.99078 578.17194 621.00934 577.83844 
965 3.47114 1035.70374 565.86609 1012.96912 558.09039 
966 2.41283 332.58777 558.65845 317.28497 572.31921 
1794 2.89003 112.06543 551.26837 50.05470 567.20544 
968 3.16632 821.01624 562.34290 800.97906 561.84741 
969 2.48153 381.22443 568.28912 357.18433 586.94916 
970 6.01541 48.92151 571.71393 73.02747 565.10010 
971 5.45440 407.85666 592.95178 430.39774 568.36462 
972 3.13884 784.00067 566.24860 756.99817 566.32281 
973 0.06774 892.94989 564.73877 913.98871 566.16614 
974 3.18030 1171.01550 568.60004 1144.97705 567.59167 
1793 3.16129 993.96967 569.62720 818.94879 566.17853 
979 3.11913 790.99750 568.88947 742.99927 569.96777 
1790 1.11168 604.69318 538.64203 636.40881 602.79901 
1789 3.14367 684.99969 572.90204 522.99744 572.56561 
1787 6.27205 750.00165 575.15167 1011.00311 572.24506 
1786 0.28896 875.69812 532.00897 1116.79492 603.68317 
987 0.02008 1129.00098 571.95172 1167.00574 572.71503 
988 2.35872 366.63266 575.63586 346.08484 596.08020 
989 6.24039 178.04401 579.02759 208.03183 577.74335 
990 3.09849 209.04521 581.04828 178.01668 582.38654 
991 3.14739 257.00027 577.95074 227.99547 577.78253 
992 6.27085 658.00299 577.24158 685.99872 576.89636 
1784 4.47681 596.14508 614.21277 580.74683 550.06396 
995 4.82254 534.69391 600.07672 537.01251 579.11200 
996 6.28221 490.00006 580.04913 519.00000 580.02081 
997 6.27812 719.00024 582.05060 750.00452 581.89355 
998 4.25991 633.71667 604.13770 622.96368 582.01764 
999 3.13592 752.00500 583.88074 721.00031 584.05670 
1000 2.97220 217.15152 598.88593 194.14049 602.82147 
1001 2.25531 435.95523 583.77960 414.24319 610.38232 
1002 6.23861 173.01408 588.31567 209.03163 586.70929 
1003 3.80077 790.70306 608.38330 762.55487 586.57452 
1004 3.25137 811.93701 610.57147 790.97125 608.26056 
1007 1.32013 592.32574 588.91656 598.22168 611.94324 
1008 3.14898 735.99951 593.06396 707.99365 592.85718 
1009 2.48810 340.19226 599.25110 318.74835 615.67133 
1783 3.40984 1175.20251 603.30774 1061.02185 571.92261 
1011 0.00000 367.00000 596.00000 393.00000 596.00000 
1012 3.14159 1135.00000 597.00000 1107.00000 597.00000 
1013 3.14953 401.00684 598.14026 375.00052 597.93390 
1015 3.28361 252.97052 605.20612 226.93094 601.48297 
1016 3.14159 751.00000 602.00000 726.00000 602.00000 
1017 0.00000 1128.00000 604.00000 1173.00000 604.00000 
1018 3.43728 1143.10657 612.65009 1121.93848 606.20184 
1019 0.00000 342.00000 606.00000 374.00000 606.00000 
1782 3.12863 1170.98010 604.69836 813.00287 609.33960 
1021 3.14159 376.00000 608.00000 342.00000 608.00000 
1022 0.40717 1133.83813 607.37537 1153.61072 615.90265 
1026 0.04036 1143.95398 612.13892 1173.98584 613.35156 
1028 0.13038 70.86137 615.05725 93.85934 618.07275 
1032 0.12625 288.96277 614.29333 313.94113 617.46375 
1035 3.15466 1121.00830 618.36884 1099.99878 618.09436 
1780 3.12652 110.01608 620.79236 25.00263 622.07416 
1037 3.26704 182.98233 618.14014 161.93867 615.48627 
1038 0.00000 359.00000 616.00000 382.00000 616.00000 
1779 6.26648 937.99170 617.65131 1064.00464 615.54633 
1042 0.26639 1160.84058 616.58405 1186.13989 623.48749 
1043 3.31792 181.85481 621.81488 158.87175 617.71979 
1777 3.13164 309.99973 619.13513 185.00238 620.37927 
1775 3.13384 709.00629 614.31519 359.99744 617.01959 
1048 0.09475 819.93073 618.72925 849.94470 621.58154 
1049 6.17648 958.86591 624.74835 988.06647 621.62054 
1050 0.00000 759.00000 620.00000 782.00000 620.00000 
1051 0.35683 995.92957 622.18890 1019.94696 631.14227 
1052 2.38514 305.79300 622.84027 286.28909 641.24670 
1055 0.00232 706.99988 622.05219 731.00208 622.10785 
1766 3.14660 805.99664 621.59662 758.00323 621.35645 
1765 6.27543 610.98804 623.83698 692.00171 623.20892 
1059 4.48196 599.31738 653.69098 592.11133 622.97388 
1061 1.35845 600.68158 644.85303 610.48553 690.32654 
1063 0.02198 173.00383 624.82544 199.01324 625.39709 
1065 3.12273 343.01138 656.60327 262.98328 658.11285 
1066 2.48780 261.74875 659.97723 242.68271 674.58588 
1068 4.48065 533.97620 656.76965 528.79468 634.81244 
1070 0.00854 557.00061 624.93164 582.00732 625.14532 
1764 4.53438 595.12262 688.80566 583.44763 623.91388 
1073 0.00000 316.00000 626.00000 348.00000 626.00000 
1074 6.24992 403.02533 626.76129 427.96442 625.93127 
1075 0.00647 429.00040 625.93951 458.00565 626.12720 
1076 6.27977 460.00031 626.08954 496.99988 625.96307 
1077 4.71385 523.42780 654.00061 523.47028 625.00067 
1079 3.13952 368.00192 627.92719 316.00006 628.03510 
1080 1.63028 537.17279 627.01031 533.90186 681.93463 
1081 1.42298 538.24762 637.96313 541.80890 661.87958 
1082 1.58899 546.22699 627.00415 545.08160 689.96509 
1083 1.53191 558.95801 696.96271 560.16681 728.03241 
1085 3.14806 589.99921 723.12714 561.00037 722.93951 
1086 4.73479 546.97211 688.99939 548.38348 626.00861 
1087 1.56823 550.96057 627.00012 551.08105 674.00238 
1088 4.71239 553.00000 674.00000 553.00000 627.00000 
1090 1.46194 565.41040 641.95514 568.48163 670.05664 
1091 4.59702 568.37018 649.07300 565.80151 626.90710 
1092 1.42717 572.95447 626.86194 576.15283 648.97791 
1095 1.35408 586.36847 626.91888 593.41193 658.90930 
1763 1.35816 591.13031 626.72821 603.47363 683.90015 
1097 3.21306 916.08246 628.84851 893.98096 627.26617 
1098 0.00000 119.00000 631.90912 141.00000 631.90912 
1099 6.24100 142.01176 630.27881 172.99876 628.97076 
1100 6.27672 258.00116 628.17816 297.99948 627.91937 
1101 5.03340 473.99512 652.99835 481.27890 631.09271 
1102 4.93943 491.27042 659.06250 496.34869 637.08057 
1103 4.68498 518.94086 648.00165 518.39227 627.98926 
1105 0.01312 182.99104 629.68231 206.01332 629.98444 
1107 1.66481 513.89453 628.08435 511.83850 649.89050 
1108 1.46206 511.32404 654.96460 513.82886 677.90955 
1109 6.27354 54.00467 630.48389 90.00132 630.13678 
1762 6.25356 800.99902 685.97058 879.98932 683.62958 
1115 0.58365 851.14276 631.78387 899.05768 663.42688 
1117 5.10542 447.29422 690.12201 457.25192 666.10443 
1118 1.76510 483.14645 633.02881 478.26114 657.85461 
1761 0.00000 766.00000 632.44000 820.00000 632.44000 
1120 3.14452 141.99979 634.07550 113.99709 633.99347 
1121 4.97741 497.81601 671.22150 505.19012 644.05157 
1122 3.14727 822.00500 634.11926 791.00031 633.94330 
1123 3.22084 1030.09229 636.83740 1006.99969 635.00360 
1124 4.95962 493.38263 669.09656 500.68286 640.17236 
1125 0.97101 676.00122 634.99915 690.24664 655.83130 
1126 0.48740 1082.79309 636.39026 1102.54443 646.85944 
1127 1.64460 522.46552 637.03442 519.43439 678.03210 
1128 3.73110 884.89545 657.15631 854.46356 636.80206 
1129 6.25724 267.02942 656.13379 319.99374 654.75946 
1130 4.62279 559.50360 662.95477 557.17041 636.98468 
1132 4.52197 597.76276 671.85297 591.04315 636.99170 
1133 0.51321 910.18726 637.66772 947.25031 658.55579 
1134 0.00000 323.00000 639.00000 356.00000 639.00000 
1135 4.57936 519.90851 664.87842 516.43774 638.94141 
1136 5.29167 380.62900 692.75732 396.11890 669.07776 
1137 1.54736 577.26111 639.99390 578.01141 671.99976 
1138 1.16404 668.39026 639.83191 678.31268 662.86530 
1760 3.14159 349.00000 641.43475 288.00000 641.43475 
1140 1.15559 646.72412 641.12164 663.88531 680.05054 
1142 0.08525 1094.94312 642.66534 1118.03088 644.63837 
1143 1.42680 585.45300 641.93433 590.38440 675.94427 
1144 4.48597 615.91962 681.01849 606.93463 642.01508 
1145 1.30474 609.43317 641.88196 622.00116 687.99969 
1146 4.45863 617.59241 663.84637 611.93121 642.01782 
1148 1.20993 632.24738 641.90662 641.29761 665.88770 
1149 1.10928 656.82623 642.08643 668.57678 665.71313 
1150 0.96456 701.04803 641.96667 719.85889 669.09784 
1151 0.09597 6.95171 648.50165 27.94964 650.52307 
1152 0.00000 254.00000 644.00000 277.00000 644.00000 
1154 4.72411 543.02582 664.98859 543.27179 644.00317 
1155 0.48180 948.98004 645.03815 985.46277 664.11499 
1156 1.84475 497.41846 646.11761 489.68671 673.63092 
1157 4.50921 610.12561 679.97412 602.92346 645.01575 
1158 4.25529 671.94928 668.02496 661.09387 645.95386 
1759 4.67195 532.90814 672.93591 530.96771 624.97339 
1161 4.34760 650.12744 668.95129 641.77728 647.08508 
1162 4.17385 700.06726 668.95978 686.96136 647.02307 
1758 0.00000 768.00000 647.45282 831.00000 647.45282 
1164 4.94410 498.86829 689.96893 507.33652 654.07941 
1166 2.09781 388.11234 650.06537 374.57248 673.33313 
1167 5.21251 423.89337 688.94171 437.82361 663.45007 
1757 3.14159 835.00000 649.41071 768.00000 649.41071 
1170 4.70226 564.24384 689.00769 563.84851 649.99139 
1756 1.44228 578.15363 626.83862 586.18384 688.97827 
1172 1.09765 665.57355 649.70636 681.06482 679.96680 
1173 0.83060 697.32672 649.70154 716.42621 670.61066 
1755 1.50474 554.56085 626.97974 557.61292 673.11694 
1175 4.38548 645.25037 687.25415 633.57025 652.80664 
1176 3.68818 933.07312 669.87982 906.26282 653.56799 
1177 6.27696 1133.00073 657.11084 1153.99988 656.98010 
1178 3.15246 936.00909 654.16309 914.00085 653.92395 
1179 0.00348 913.99695 656.87665 936.99664 656.95667 
1180 3.14276 136.00104 655.10309 114.99991 655.07867 
1181 0.02472 1078.98438 657.63239 1099.99622 658.15198 
1754 1.64681 527.78143 625.98914 523.90070 676.94141 
1753 4.56972 588.70831 688.90344 579.79761 626.87079 
1184 6.25975 870.00549 663.23431 890.01794 662.76514 
1186 1.67892 530.12183 659.01324 527.63104 681.95996 
1187 5.25054 397.28360 685.16925 412.22687 660.13544 
1188 4.60283 488.83881 690.01776 486.52051 668.94275 
1189 4.22161 689.87433 681.06714 678.47931 659.74390 
1190 6.27470 1012.00116 664.13452 1032.99963 663.95636 
1191 2.35752 249.82869 664.83087 227.29953 687.30035 
1192 1.79117 503.07675 662.24121 498.45395 682.87769 
1193 1.47004 571.81915 662.91718 574.45142 688.95435 
1194 1.17054 685.63959 663.15247 695.41150 686.24896 
1195 6.27623 781.99402 665.13922 822.00598 664.86078 
1196 0.00000 823.00000 664.00000 857.00000 664.00000 
1197 0.03931 1109.95166 672.22772 1138.98547 673.36975 
1198 0.10560 178.95810 664.39532 204.98367 667.15399 
1199 4.64526 541.64508 691.09106 539.88696 664.94037 
1200 1.23376 635.59430 665.79175 643.33508 687.88257 
1201 1.32127 642.68866 664.82452 648.14069 686.21899 
1202 0.00000 974.00000 675.92310 1000.00000 675.92310 
1203 3.21288 998.98029 673.27588 974.03607 671.49457 
1204 3.15929 1070.01257 665.29266 1046.00232 664.86761 
1752 4.61090 577.01947 688.90155 571.73682 637.02673 
1206 0.99116 706.58411 665.61761 719.94928 686.03320 
1207 0.88032 744.67334 665.26990 763.18304 687.67493 
1751 3.13969 860.00085 666.43463 783.99927 666.57935 
1750 5.43001 321.88828 692.90686 377.37741 629.33563 
1749 1.25655 618.19525 641.92896 633.06091 687.66785 
1212 3.64144 1037.24573 679.55011 1015.25171 667.53906 
1213 3.63472 1043.20642 699.61584 1016.00220 684.99585 
1214 6.25944 1023.00928 669.39142 1044.99695 668.86926 
1215 3.15081 85.00783 668.15063 61.00065 667.92938 
1216 3.23677 1193.05139 669.46179 1171.95728 667.44806 
1217 3.27204 1144.09424 671.28156 1121.95056 668.37659 
1218 6.25547 1032.00964 674.34808 1054.02051 673.73798 
1219 2.20353 370.70432 670.51648 354.01385 693.27686 
1220 3.14159 376.00000 693.85712 356.00000 693.85712 
1221 5.15384 387.14264 692.06738 397.46658 670.22046 
1222 0.03266 1057.98730 673.39014 1080.99536 674.14178 
1223 6.27916 247.00020 674.04822 284.00363 673.89917 
1224 0.00000 285.00000 673.00000 332.00000 673.00000 
1225 0.01135 97.99632 675.32391 119.99348 675.57367 
1748 3.14330 330.00211 675.54700 244.00102 675.40002 
1228 3.14159 179.00000 676.00000 158.00000 676.00000 
1229 3.15081 1062.00781 676.15063 1038.00061 675.92938 
1230 6.26548 145.00235 685.13239 169.01253 684.70734 
1232 6.27318 958.00073 682.07343 981.00842 681.84314 
1233 0.01770 1067.98779 679.68964 1092.99768 680.13239 
1234 0.01087 1125.99097 678.82605 1148.99915 679.07605 
1238 3.15246 170.00909 681.16309 148.00082 680.92395 
1242 0.60800 903.12390 686.82196 925.65198 702.50012 
1244 3.55719 1157.10181 693.76941 1134.99414 684.01337 
1247 6.23049 107.01218 691.23096 129.05635 690.06818 
1248 0.00000 136.00000 689.91669 160.00000 689.91669 
1747 3.12968 1195.01062 681.17944 816.99579 685.68353 
1251 0.48931 1024.13293 686.75037 1053.31360 702.28906 
1252 0.01160 1040.99194 711.69836 1069.98804 712.03467 
1741 3.13560 735.00421 689.13867 557.99249 690.19910 
1738 3.91971 828.19110 717.83032 736.50940 627.47357 
1734 6.26101 17.99023 691.72668 73.00022 690.50647 
1733 3.13057 519.99792 691.88892 402.00748 693.18951 
1259 1.05157 679.46857 690.73218 693.50122 715.28503 
1260 0.00000 694.00000 717.93335 724.00000 717.93335 
1261 6.26725 218.00418 695.26245 315.01141 693.71692 
1731 5.12171 425.58679 714.80786 459.44922 636.75183 
1263 1.95104 437.60446 692.24158 429.05814 713.62354 
1264 0.35078 1157.99268 692.01984 1178.77197 699.62329 
1265 3.14159 67.00000 693.00000 44.00000 693.00000 
1266 6.27134 104.00093 696.07886 125.00983 695.83008 
1267 2.46310 212.30402 697.37714 189.56889 715.70569 
1268 2.57849 187.49371 714.78210 166.87328 727.79926 
1269 0.00000 127.00000 696.00000 180.00000 696.00000 
1729 3.14189 311.00275 696.58167 213.00021 696.55212 
1728 5.45143 292.64651 717.82715 376.17841 626.16888 
1273 0.00000 39.00000 697.00000 71.00000 697.00000 
1726 3.13617 191.00832 698.14526 4.99846 699.15320 
1277 6.27922 1076.00049 700.13025 1133.00354 699.90411 
1278 0.25034 1139.91577 698.32959 1162.70422 704.15662 
1279 0.01770 969.00232 701.86761 993.01251 702.29266 
1280 0.00641 996.99487 706.80035 1025.99365 706.98621 
1282 6.25822 1074.02246 711.89801 1094.98438 711.37451 
1724 6.27348 934.99774 707.80774 993.01489 707.24445 
1286 6.26677 1093.00586 705.35901 1117.99915 704.94861 
1287 0.10535 1028.95532 705.42291 1058.93726 708.59332 
1723 3.15924 1193.01440 705.40063 1089.97156 703.58179 
1290 0.00922 794.99225 715.84015 819.99933 716.07062 
1294 6.27000 725.01379 712.04810 753.00897 711.67902 
1721 6.27079 975.01996 713.71112 1039.00293 712.91803 
1720 6.26351 1140.00195 710.17706 1193.00183 709.13409 
1299 0.00647 592.99438 727.86633 622.99963 728.06049 
1719 6.25607 613.01471 710.72485 677.05603 708.98785 
1718 3.13387 1028.00000 708.99475 941.99664 709.65924 
1302 0.02094 563.00122 710.94214 592.98804 711.57007 
1303 0.00000 1113.00000 711.00000 1135.00000 711.00000 
1716 6.26850 308.00623 715.51941 424.01990 713.81506 
1306 6.27507 494.99310 713.15027 532.00690 712.84973 
1715 3.13248 523.00342 714.80426 458.01044 715.39685 
1309 0.00000 471.00000 713.00000 495.00000 713.00000 
1310 0.00000 626.00000 719.93549 657.00000 719.93549 
1313 6.24124 286.99530 725.88818 313.98972 724.75525 
1714 3.12977 1072.00281 714.23706 1015.98041 714.89960 
1713 3.14159 750.00000 714.52173 696.00000 714.52173 
1318 3.13238 974.00781 715.84937 950.00067 716.07062 
1712 6.23938 1093.02637 719.29718 1147.98059 716.88855 
1711 6.24332 729.00354 718.08960 791.98358 715.57745 
1322 3.15368 836.00989 726.18140 804.99023 725.80652 
1324 3.13201 1189.00659 718.69196 1161.00916 718.96027 
1710 6.25118 11.02314 719.47388 85.96752 717.07465 
1326 0.01849 319.98596 724.75928 345.01437 725.22223 
1328 6.24045 526.00085 722.02008 554.99060 720.78033 
1331 6.27024 355.98950 724.18781 385.01050 723.81219 
1332 0.00000 456.00000 729.93335 486.00000 729.93335 
1709 3.14629 826.00568 719.25671 702.01312 718.67426 
1339 0.00000 425.00000 722.86206 453.00000 722.86206 
1340 0.00000 567.00000 721.00000 587.00000 721.00000 
1706 0.00675 996.00214 720.68201 1050.00012 721.04639 
1342 6.27763 628.00549 726.98608 658.00458 726.81946 
1343 3.14806 659.99921 722.12714 631.00037 721.93951 
1705 0.00989 661.99738 725.66895 728.00977 726.32159 
1704 3.15183 1116.01392 722.96027 986.95587 721.63873 
1349 6.26316 1038.98462 728.23059 1062.01538 727.76941 
1350 6.27623 1046.00085 737.12347 1069.99976 736.95648 
1353 3.14159 518.00000 724.00000 496.00000 724.00000 
1702 6.26372 521.02936 728.96106 589.00201 727.63757 
1355 6.28093 739.00006 725.03687 789.00208 724.92395 
1356 0.00000 806.00000 724.00000 839.00000 724.00000 
1357 0.01800 1065.98877 727.62073 1095.99707 728.16107 
1701 6.27112 1136.00183 725.92242 1195.00269 725.21063 
1359 6.27714 134.00035 726.05835 164.00529 725.87701 
1700 6.26266 385.99863 730.87897 450.99872 729.54462 
1362 3.05040 116.00932 728.10181 91.93628 730.30316 
1363 6.25614 88.99688 733.88464 112.97933 733.23596 
1699 3.12424 417.99667 725.24146 316.99869 726.99390 
1697 0.01831 34.01198 726.57642 92.98797 727.65668 
1367 3.14678 158.99945 728.10571 132.00018 727.96564 
1368 6.27366 310.99203 732.16193 345.00797 731.83807 
1369 6.25492 382.02838 740.00391 411.97617 739.15723 
1372 0.01007 822.99170 750.82367 857.00842 751.16626 
1374 3.14159 90.00000 729.00000 65.00000 729.00000 
1696 6.24709 845.07007 731.95728 959.96039 727.80835 
1378 0.00000 126.00000 732.92859 154.00000 732.92859 
1694 3.12904 770.00452 727.52405 565.01025 730.09656 
1690 6.26075 704.04297 734.76294 803.99799 732.51953 
1688 3.14054 1107.00659 729.95343 1041.00000 730.02319 
1383 0.00738 352.00046 730.93604 379.00638 731.13544 
1384 0.00476 342.99603 739.83350 375.99527 739.99060 
1385 0.00000 486.00000 737.93939 519.00000 737.93939 
1386 0.01923 282.00317 731.83429 310.01205 732.37292 
1387 3.14202 449.00040 732.07288 419.99997 732.06042 
1388 0.00000 416.00000 738.94116 447.00000 738.94116 
1389 6.26103 560.00067 737.03113 580.01300 736.58759 
1390 0.00000 817.00000 732.00000 839.00000 732.00000 
1687 3.13501 963.01013 731.11584 900.99689 731.52393 
1392 0.00018 1094.99988 744.84973 1129.00024 744.85602 
1394 0.19459 1106.82593 751.88348 1131.83972 756.81342 
1395 3.15636 149.01183 735.19958 120.98840 734.78564 
1396 3.13073 841.00909 733.83691 819.00085 734.07605 
1397 0.82810 845.85046 732.13727 903.30493 794.72009 
1398 3.14764 343.00531 734.12299 313.00037 733.94165 
1399 6.27214 463.00076 738.07001 483.00937 737.84894 
1403 0.00000 597.00000 736.00000 627.00000 736.00000 
1405 0.00000 1092.00000 736.00000 1112.00000 736.00000 
1406 3.11559 1180.01929 736.73938 1159.98071 737.26062 
1407 0.63171 1160.63074 738.50470 1179.50220 752.31366 
1686 3.77311 995.44324 756.49542 808.76636 619.95306 
1681 3.13644 769.01764 737.07483 559.98254 738.15088 
1415 3.22396 1048.10242 739.75916 1023.93689 737.76410 
1676 3.13636 1114.00183 738.34210 1053.99854 738.65607 
1418 6.25016 995.01740 747.52649 1019.02423 746.73334 
1419 6.27354 198.98444 742.38647 268.00696 741.72083 
1422 0.02374 441.98276 767.72650 464.01782 768.24982 
1423 3.13073 462.99918 769.92395 440.99091 770.16309 
1425 4.84899 515.08307 778.14886 519.08801 749.01208 
1426 0.00452 479.99594 777.89905 512.99976 778.04810 
1428 6.23715 1059.00232 746.05042 1085.99109 744.80707 
1429 0.00000 278.00000 741.00000 306.00000 741.00000 
1430 0.00000 412.00000 747.93939 445.00000 747.93939 
1675 3.14386 518.00549 740.53058 416.00098 740.29938 
1673 3.12505 1166.02246 746.02667 1103.99060 747.05292 
1434 3.14727 373.00500 742.11926 342.00034 741.94324 
1436 0.00000 789.00000 742.00000 812.00000 742.00000 
1438 2.44111 146.74382 744.88226 107.77702 777.73553 
1672 0.00518 88.00115 742.73322 193.99789 743.28186 
1442 0.63066 982.64624 742.48450 1003.48785 757.70148 
1443 0.00000 6.00000 744.00000 28.00000 744.00000 
1445 0.00000 300.00000 749.94287 334.00000 749.94287 
1670 6.27159 596.99274 745.25104 664.00635 744.47369 
1669 6.26988 750.02997 752.50879 821.00348 751.56415 
1449 3.14159 124.00000 745.00000 83.00000 745.00000 
1668 3.14137 318.99966 743.98798 147.99948 744.02655 
1452 6.24326 247.00351 771.08789 282.02753 769.68872 
1454 0.00000 567.00000 746.00000 594.00000 746.00000 
1665 3.14150 851.99384 745.56226 601.00269 745.58624 
1459 0.00922 597.99225 754.84015 622.99933 755.07062 
1460 4.16616 757.24640 771.85022 743.25928 748.84241 
1462 3.14159 512.00000 749.00000 489.00000 749.00000 
1659 3.12925 441.99530 750.06891 345.97415 751.25433 
1657 3.12361 320.99652 751.80579 262.02802 752.86633 
1469 6.26689 325.02225 769.36420 360.01294 768.79388 
1471 3.14159 857.00000 753.00000 829.00000 753.00000 
1656 6.27591 1037.99829 755.79572 1104.00208 755.31531 
1473 6.27781 258.00031 760.05566 290.00476 759.88379 
1474 0.00000 643.00000 754.00000 664.00000 754.00000 
1475 0.00000 1125.00000 754.00000 1145.00000 754.00000 
1476 3.14806 1190.00525 755.19574 1156.00012 754.97571 
1655 6.26665 449.98801 757.60736 583.99994 755.39160 
1478 3.14159 743.00000 755.00000 714.00000 755.00000 
1480 0.00000 49.00000 762.94446 84.00000 762.94446 
1483 0.00000 677.00000 763.94116 711.00000 763.94116 
1652 0.00349 753.99536 761.78455 814.99921 761.99762 
1485 6.25114 1089.01013 765.31519 1122.04028 764.25629 
1651 6.26012 600.01166 765.44196 673.07306 763.75610 
1490 0.00000 381.00000 758.00000 403.00000 758.00000 
1650 3.14681 669.98828 758.22961 483.00333 757.25317 
1493 0.00000 333.00000 759.00000 354.00000 759.00000 
1646 3.13832 1104.00330 758.01971 1004.99902 758.34326 
1495 6.24521 1014.01270 767.33356 1045.04382 766.15460 
1496 0.00000 365.00000 768.94116 399.00000 768.94116 
1498 0.00000 286.00000 769.94116 320.00000 769.94116 
1644 3.14185 439.00800 761.01569 255.00055 760.96918 
1500 3.15343 868.00983 762.16992 847.00092 761.92114 
1503 6.26677 5.00211 774.12830 30.01178 773.71765 
1640 3.14660 76.99920 765.16003 18.98831 764.86975 
1507 3.14202 752.00000 765.03870 721.99957 765.02588 
1639 0.00472 535.00085 765.89484 586.99933 766.14020 
1510 3.17309 1170.01245 766.60437 1143.00781 765.75348 
1515 3.80328 1046.71777 795.36243 1014.67999 770.41089 
1517 3.69687 1116.66077 784.54688 1086.93469 766.10529 
1518 3.14159 1112.00000 767.00000 1091.00000 767.00000 
1519 6.27708 528.00031 777.05499 556.00537 776.88403 
1638 0.00596 559.99786 775.73639 667.99164 776.38019 
1521 3.14159 586.00000 768.00000 565.00000 768.00000 
1524 3.74578 1075.80725 785.83063 1049.31531 767.54327 
1526 6.27318 882.00073 770.07343 905.00842 769.84314 
1636 0.00241 906.00330 767.95807 998.99713 768.18262 
1634 0.00949 1102.99902 774.31232 1163.99121 774.89136 
1633 6.27261 414.99756 778.76807 475.01163 778.13312 
1531 0.57849 1057.26929 769.58759 1085.38245 787.94574 
1632 0.00389 1047.00232 787.39960 1113.00488 787.65649 
1536 0.00604 358.99475 779.87097 389.99963 780.05835 
1631 3.13321 1013.98682 769.59564 883.99231 770.68549 
1628 6.26720 277.01123 781.44727 353.00674 780.23218 
1627 3.14638 392.99658 771.71216 285.00488 771.19464 
1625 0.00175 720.99457 772.15906 872.99915 772.42566 
1622 0.00000 35.00000 772.96552 103.00000 772.96552 
1547 3.13793 63.99990 774.97168 32.00032 775.08887 
1548 6.26139 212.98344 782.24011 235.01656 781.75989 
1621 6.26970 726.00482 784.67419 844.05444 783.08252 
1619 3.12534 836.99335 774.16119 722.98901 776.01440 
1554 6.27891 20.00021 784.04987 56.00383 783.89606 
1555 6.27623 612.00043 787.05798 638.00610 786.87701 
1557 3.15081 677.00781 777.15063 653.00067 776.92938 
1617 0.01340 641.99408 785.87823 714.98895 786.85645 
1562 0.00031 434.99973 790.93738 470.00003 790.94806 
1563 6.26713 477.01746 790.08771 511.97635 789.52643 
1616 3.14272 624.99854 779.22455 481.00403 779.06183 
1565 6.27549 396.00150 791.19470 432.00705 790.91779 
1568 0.01380 352.98907 791.79291 382.01114 792.19330 
1613 3.14046 433.00089 781.60748 359.99963 781.69043 
1570 0.00000 62.00000 783.00000 82.00000 783.00000 
1612 6.27765 269.00381 792.66498 347.00668 792.23285 
1574 3.14611 311.99951 783.10681 277.00024 782.94873 
1575 0.00537 1161.99524 784.87842 1194.99976 785.05566 
1611 0.00000 109.00000 783.24390 208.00000 783.24390 
1610 6.24989 816.04150 795.32739 894.98944 792.69775 
1609 3.13788 211.00165 785.16046 95.98770 785.58765 
1608 0.00000 520.00000 788.52380 596.00000 788.52380 
1607 3.14066 844.00952 786.51123 689.00189 786.65527 
1604 3.12922 1195.00879 787.71375 1047.99805 789.53204 
1601 3.14270 639.00433 791.38641 436.00052 791.16241 
1597 6.27790 14.00100 795.15601 83.00253 794.79102 
1596 3.14803 380.99823 794.27460 310.00183 793.81781 
